      data (yytranslate(i),i=0,49)/
     &  0, 2, 2, 2, 2,
     &  2, 2, 2, 2, 2,
     &  2, 2, 2, 2, 2,
     &  2, 2, 2, 2, 2,
     &  2, 2, 2, 2, 2,
     &  2, 2, 2, 2, 2,
     &  2, 2, 2, 2, 2,
     &  2, 2, 2, 36, 2,
     &  47, 48, 43, 39, 2,
     &  38, 2, 44, 2, 2, /
      data (yytranslate(i),i=50,99)/
     &  2, 2, 2, 2, 2,
     &  2, 2, 2, 2, 2,
     &  40, 35, 41, 2, 2,
     &  2, 2, 2, 2, 2,
     &  2, 2, 2, 2, 2,
     &  2, 2, 2, 2, 2,
     &  2, 2, 2, 2, 2,
     &  2, 2, 2, 2, 2,
     &  2, 2, 2, 2, 46,
     &  2, 2, 2, 2, 2, /
      data (yytranslate(i),i=100,149)/
     &  2, 2, 2, 2, 2,
     &  2, 2, 2, 2, 2,
     &  2, 2, 2, 2, 2,
     &  2, 2, 2, 2, 2,
     &  2, 2, 2, 2, 37,
     &  2, 2, 2, 2, 2,
     &  2, 2, 2, 2, 2,
     &  2, 2, 2, 2, 2,
     &  2, 2, 2, 2, 2,
     &  2, 2, 2, 2, 2, /
      data (yytranslate(i),i=150,199)/
     &  2, 2, 2, 2, 2,
     &  2, 2, 2, 2, 2,
     &  2, 2, 2, 2, 2,
     &  2, 2, 2, 2, 2,
     &  2, 2, 2, 2, 2,
     &  2, 2, 2, 2, 2,
     &  2, 2, 2, 2, 2,
     &  2, 2, 2, 2, 2,
     &  2, 2, 2, 2, 2,
     &  2, 2, 2, 2, 2, /
      data (yytranslate(i),i=200,249)/
     &  2, 2, 2, 2, 2,
     &  2, 2, 2, 2, 2,
     &  2, 2, 2, 2, 2,
     &  2, 2, 2, 2, 2,
     &  2, 2, 2, 2, 2,
     &  2, 2, 2, 2, 2,
     &  2, 2, 2, 2, 2,
     &  2, 2, 2, 2, 2,
     &  2, 2, 2, 2, 2,
     &  2, 2, 2, 2, 2, /
      data (yytranslate(i),i=250,291)/
     &  2, 2, 2, 2, 2,
     &  2, 1, 2, 3, 4,
     &  5, 6, 7, 8, 9,
     &  10, 11, 12, 13, 14,
     &  15, 16, 17, 18, 19,
     &  20, 21, 22, 23, 24,
     &  25, 26, 27, 28, 29,
     &  30, 31, 32, 33, 34,
     &  42, 45
     & /
      data (yyprhs(i),i=0,24)/
     &  0, 0, 1, 3, 5,
     &  10, 15, 18, 21, 23,
     &  28, 33, 35, 37, 41,
     &  46, 48, 53, 58, 63,
     &  68, 73, 78, 83, 88
     & /
      data (yyrhs(i),i=0,49)/
     &  -1, 4, 0, 51, 0,
     &  50, 39, 49, 51, 0,
     &  50, 38, 49, 51, 0,
     &  38, 50, 0, 39, 50,
     &  0, 52, 0, 51, 43,
     &  49, 52, 0, 51, 44,
     &  49, 52, 0, 3, 0,
     &  15, 0, 47, 50, 48,
     &  0, 52, 46, 49, 52,
     &  0, 53, 0, 5, 47, /
      data (yyrhs(i),i=50,92)/
     &  50, 48, 0, 6, 47,
     &  50, 48, 0, 7, 47,
     &  50, 48, 0, 8, 47,
     &  50, 48, 0, 9, 47,
     &  50, 48, 0, 10, 47,
     &  50, 48, 0, 11, 47,
     &  50, 48, 0, 12, 47,
     &  50, 48, 0, 14, 47,
     &  50, 48, 0
     & /
      data (yyrline(i),i=0,24)/
     &  0, 25, 26, 28, 29,
     &  31, 33, 35, 37, 38,
     &  40, 43, 44, 45, 46,
     &  48, 50, 53, 56, 59,
     &  62, 65, 68, 71, 74
     & /
      data (yyr1(i),i=0,24)/
     &  0, 49, 49, 50, 50,
     &  50, 50, 50, 51, 51,
     &  51, 52, 52, 52, 52,
     &  52, 53, 53, 53, 53,
     &  53, 53, 53, 53, 53
     & /
      data (yyr2(i),i=0,24)/
     &  0, 0, 1, 1, 4,
     &  4, 2, 2, 1, 4,
     &  4, 1, 1, 3, 4,
     &  1, 4, 4, 4, 4,
     &  4, 4, 4, 4, 4
     & /
      data (yydefact(i),i=0,49)/
     &  0, 11, 0, 0, 0,
     &  0, 0, 0, 0, 0,
     &  0, 12, 0, 0, 0,
     &  0, 3, 8, 15, 0,
     &  0, 0, 0, 0, 0,
     &  0, 0, 0, 6, 7,
     &  0, 1, 1, 1, 1,
     &  1, 0, 0, 0, 0,
     &  0, 0, 0, 0, 0,
     &  13, 2, 0, 0, 0, /
      data (yydefact(i),i=50,67)/
     &  0, 0, 16, 17, 18,
     &  19, 20, 21, 22, 23,
     &  24, 5, 4, 9, 10,
     &  14, 0, 0
     & /
      data (yydefgoto(i),i=0,4)/
     &  47, 15, 16, 17, 18
     & /
      data (yypact(i),i=0,49)/
     &  -3, -32768, -37, -33, -24,
     &  -21, -18, -13, -9, 49,
     &  50, -32768, -3, -3, -3,
     &  1, 42, 23, -32768, -3,
     &  -3, -3, -3, -3, -3,
     &  -3, -3, -3, -32768, -32768,
     &  -11, 67, 67, 67, 67,
     &  67, 20, 22, 24, 26,
     &  28, 39, 41, 43, 45,
     &  -32768, -32768, 10, 10, 10, /
      data (yypact(i),i=50,67)/
     &  10, 10, -32768, -32768, -32768,
     &  -32768, -32768, -32768, -32768, -32768,
     &  -32768, 42, 42, 23, 23,
     &  23, 73, -32768
     & /
      data (yypgoto(i),i=0,4)/
     &  -2, 29, 47, -4, -32768
     & /
      data (yytable(i),i=0,49)/
     &  1, 66, 2, 3, 4,
     &  5, 6, 7, 8, 9,
     &  19, 10, 11, 1, 20,
     &  2, 3, 4, 5, 6,
     &  7, 8, 9, 21, 10,
     &  11, 22, 31, 32, 23,
     &  48, 49, 50, 51, 24,
     &  12, 13, 45, 25, 31,
     &  32, 28, 29, 30, 14,
     &  63, 64, 65, 36, 37, /
      data (yytable(i),i=50,97)/
     &  38, 39, 40, 41, 42,
     &  43, 44, 14, 31, 32,
     &  31, 32, 31, 32, 31,
     &  32, 31, 32, 52, 35,
     &  53, 46, 54, 67, 55,
     &  0, 56, 31, 32, 31,
     &  32, 31, 32, 31, 32,
     &  33, 34, 57, 0, 58,
     &  0, 59, 0, 60, 61,
     &  62, 26, 27
     & /
      data (yycheck(i),i=0,49)/
     &  3, 0, 5, 6, 7,
     &  8, 9, 10, 11, 12,
     &  47, 14, 15, 3, 47,
     &  5, 6, 7, 8, 9,
     &  10, 11, 12, 47, 14,
     &  15, 47, 38, 39, 47,
     &  32, 33, 34, 35, 47,
     &  38, 39, 48, 47, 38,
     &  39, 12, 13, 14, 47,
     &  49, 50, 51, 19, 20, /
      data (yycheck(i),i=50,97)/
     &  21, 22, 23, 24, 25,
     &  26, 27, 47, 38, 39,
     &  38, 39, 38, 39, 38,
     &  39, 38, 39, 48, 46,
     &  48, 4, 48, 0, 48,
     &  -1, 48, 38, 39, 38,
     &  39, 38, 39, 38, 39,
     &  43, 44, 48, -1, 48,
     &  -1, 48, -1, 48, 47,
     &  48, 47, 47
     & /
