Beam  Parabolic=( {3.938e9, 0.93827e9, 2.500E13, 40.e-6, 40.e-6, 0.08387, 200000, 5000, 100, 64.e-6, 64.e-6, 64, 64, 0,0,1,0 });
Twiss =({    -.91328,    9.67872,   22.40948,    2.64346,   30.10534,   20.76003, 0.002649, 5769.324, -0.0024969, 0,0,0,0, 0,0,0,0, 0,0,0,0 });
COD =({     .00161, 1.09696E-4, -6.5890E-6, -1.3152E-5,0,0});
Solver FACR=({128,128,128,0.001,0.001,1.});
TrfM  SQTM=({     .000000000000,     .000000000000,     .000000000000,     .000000000000,    1.000001656608, -1.04759249304E-4,     .012411741763,     .132337379958,     .000000000000,     .000000000000, 1.793294432673E-7,     .999988659712,     .001270408650,     .014325647064,     .000000000000,     .000000000000,    -.014325644019,     .132337187378,    1.000011677700, 2.432767878546E-4,     .000000000000,     .000000000000,     .001270407677,    -.012411718339, -9.76161459734E-7,     .999978638633,     .000000000000,     .000000000000,     .000000000000,     .000000000000,     .000000000000,     .000000000000,    1.000000000000,     .000000000000,     .000000000000,     .000000000000,     .000000000000,     .000000000000,     .000000000000,    1.000000000000});
Drift   LL3=({    1.54000,     .00000,     .00000,     .00000,     .00000,     .00000});
Bend    ZSH00101=({     .20000,     .00000,     .00000,     .00000,     .00000,     .00000,     .00000,     .00000,     .00000,     .00000,     .00000,     .00000,     .00000,     .00000,     .00000,     .00000,     .00000,     .00000,     .00000,     .00000,     .00000,     .00000,     .00000,     .00000,     .00000,     .00000});
Drift   LL9=({     .26785,     .00000,     .00000,     .00000,     .00000,     .00000});
Mult    QFS00101B.1=({      .00000, -2.17704E-5, 8.067365E-5,      .00000,      .00000,      .00000,      .00000,      .00000,      .00000,     1.00000,      .00000,      .00000,      .00000,      .00000,      .00000,      .00000,      .00000,      .00000,      .00000,      .00000,      .00000,      .00000,      .00000,      .00000, 2.459289E-5,      .00000,      .00000,      .00000,      .00000,      .00000, 1.675092E-5,      .00000,      .00000,      .00000,      .00000,      .00000,      .00000,      .00000,   231.42658,      .00000,      .00000,      .00000,      .00000,      .00000,      .00000,      .00000,      .00000,      .00000,      .00000,      .00000,      .00000,      .00000,      .00000,      .00000,      .00000,      .00000,      .00000,      .00000,      .00000,      .00000,      .00000,      .00000,      .00000,      .00000,      .00000,      .00000,      .00000,      .00000,      .00000,      .00000,      .00000,      .00000,      .00000,      .00000,      .00000,      .00000,      .00000,      .00000});
SPC  SPCQ.1=({      .00000,     2.00785,      .00000,      .00000,      .00651,     -.08596, -7.80112E-4,      .00846,    -1.29353,    14.11014,      .02748,     2.11037,    20.55971,      .01286,      .01031,      .00204,      .00650, -2.44022E-4,      .00651,     -.08596, -7.80112E-4,      .00846,    -1.29353,    14.11014,      .02748,     2.11037,    20.55971,      .01286,      .01031,      .00204,      .00650, -2.44022E-4});
